ozone.level daggett.pressure.gradient inversion.base.height inversion.base.temp 
   3   -15  5000    30.56
   3   -25  2693    47.66
   5   -24   590    55.04
   5    25  1450    57.02
   6    15  1568    53.78
   4   -33  2631    54.14
   4   -28   554    64.76
   6    23  2083    52.52
   7    -2  2654    48.38
   4   -19  5000    48.56
   6     9   111    63.14
   5   -44   492    64.58
   4   -44  5000    56.30
   4   -53  1249    75.74
   7   -67  5000    65.48
   5   -40  5000    63.32
   9     1   639    66.02
   4   -68   393    69.80
   3   -66  5000    54.68
   4   -58  5000    51.98
   4   -26  5000    51.98
   5    18  3044    52.88
   6    23  3641    47.66
   9   -10   111    59.54
   5   -25   692    67.10
   6   -52   597    70.52
   6   -15  1791    64.76
  11   -15   793    65.84
  10   -38   531    75.92
   7   -29   419    75.74
  12    -7   816    66.20
   9    62  3651    49.10
   2    70  5000    37.94
   3    28  5000    32.36
   3    18  1341    45.86
   2     0  5000    38.66
   3   -18  3799    45.86
   3    32  5000    38.12
   4    -1  5000    37.58
   6   -30  5000    45.86
   8    -8  5000    45.50
   6    21  2398    53.78
   4    51  5000    36.32
   3    42  4281    41.36
   7    27  1161    52.88
  11     2  2778    55.76
  13    26   442    58.28
   6   -30  5000    42.26
   5   -53  5000    43.88
   4   -43  5000    49.10
   4     7  5000    49.10
   6    24  5000    42.08
  10    19  1341    59.18
  15     2  1318    64.58
  23    -4   885    67.10
  17     3   360    67.10
   7    73  3497    49.46
   2    73  5000    40.10
   3    44  5000    29.30
   3    39  5000    27.50
   5    15  5000    30.02
   4   -12  5000    33.62
   6    -2  5000    39.02
   7    30  5000    42.08
   7    24  3608    39.38
   6    38  5000    32.90
   3    56  5000    35.60
   2    66  5000    34.34
   8   -27   613    59.72
  12    -9   334    64.40
  12    13   567    61.88
  16   -20   488    64.94
   9   -15   531    71.06
  24     7   508    66.56
  13    68  1571    56.30
   8    28   721    55.40
  10   -49   505    67.28
   8   -27   377    73.22
   9    -9   442    75.74
  10    54   902    60.44
  13    53  3188    58.64
  14     4  1381    56.30
   9   -16  5000    50 
  11    38  5000    46.94
   7    40  1302    52.70
   9    -5  1292    53.60
  12   -14  5000    52.70
  12    34   472    62.96
   8    42  1404    54.50
   9    35   944    55.76
   5    75  5000    35.24
   4    41  5000    30.92
   4    62  5000    33.44
   9    44  5000    42.08
  13    31  2014    53.42
   5    56  5000    37.22
  10    27  5000    47.66
  10    57   524    54.68
   7    55  5000    38.48
   5    59  5000    35.24
   4    24  5000    32.54
   7    29  2490    47.48
   3   107  5000    31.28
   4    36  5000    33.44
   7    28  5000    39.38
  11    30  1144    53.60
  15     1   547    66.92
  22    10   413    69.62
  17    46   610    63.68
   7    81  3638    51.26
  10    45  3848    56.84
  19    40  1479    68 
  18    55  1108    65.48
  12     0   869    58.10
   6    43  5000    38.30
   9    49  5000    37.94
  19    31  1148    60.80
  21     4   856    75.38
  29    16   807    73.04
  16    46  2040    63.50
   5    63  5000    42.62
  11    60   314    59 
   2    77  5000    42.62
   2    75  5000    40.82
  12    20  1410    55.22
  16    23   360    62.42
  22    32  1568    67.64
  20    40  1184    68.72
  27    24   898    73.40
  33     0   436    86.36
  25     6   774    86 
  31    50  1181    79.88
  18    47  1991    69.62
  16    71  2057    67.28
  24    56  1597    68 
  16    52  1184    69.44
  12    58  3005    59.18
   9    53  2880    57.38
  16    64  2125    59 
   8    74  3720    50.90
   9    66  4337    59.36
  29    31  2053    72.86
  20    70  1958    70.52
   5    86  3644    59.36
   5    75  1368    58.46
  11    73  3539    53.60
  12    49  2785    63.32
  19    26   984    69.26
  17    56  1804    68 
  19    77  3234    62.78
  16    67  3441    60.98
  14    61  1578    60.80
  10    76  1850    60.80
   9    80  2962    59.36
   7    54  2670    55.40
   5    76  5000    42.08
   2    57  5000    40.82
  12    46  5000    51.26
  22    28   987    63.86
  17    43  1148    66.92
  26   -24   898    77.90
  27    -1   777    82.58
  14    75  1279    71.60
  11    69  1046    68.72
  23    50  1167    74.30
  26    45   987    75.74
  21    57  1144    71.24
  15    60   977    70.70
  20    26   770    75.56
  15   -11   629    86.36
  18   -14   337    89.78
  26    26   590    85.10
  19    19   400    83.30
  13     9   580    87.26
  30    25   646    89.24
  26    41   826    84.38
  15    52   823    74.48
  16    47  2116    70.34
  16    52  2972    64.40
  19    41  2752    69.98
  23    37  1377    78.44
  28    33  1486    79.88
  34    22   990    85.10
  33    29   508    85.28
  24    56  1204    79.88
  17    63  2414    76.46
  10    67  2385    70.34
  14    64  2326    71.24
  13    56  3389    68.72
  17    58  2818    71.78
  15    75  3083    72.32
  22    54  2394    69.62
  19    61  2746    69.44
  20    55  2493    72.50
  25    42  1528    73.94
  28    40   111    78.08
  29    45  1899    76.46
  23    32  1289    75.20
  26    35   984    78.80
  14    28   836    81.50
  13    27   826    79.34
  26    39  1105    74.12
  22    46  1023    77.18
  11    68  1453    70.16
  15    52  2375    66.20
  14    46  2956    67.28
  13    56  2988    65.66
   9    60  4291    62.24
  12    59  3330    58.64
  14    30  1233    70.52
  22    36  1450    69.80
  24    28  1069    74.30
  19    57   984    73.40
  16    71  1653    68.72
   7    68  3930    59.18
   2    73  5000    51.62
   4    45  5000    51.26
   6    46  4212    56.84
  12    52  5000    49.82
   9    31  5000    57.38
  15    43  1545    65.66
  17    44   994    69.62
  13    55  1125    68 
  20    16   636    73.94
  22    32   748    77 
  24    44   692    77.72
  26    39   807    78.80
  32    19   869    78.98
  33    24   800    85.64
  27     6   393    91.76
  38     0   557    90.68
  23    27   620    85.64
  19    33  1404    84.74
  19    21   898    80.60
  15    -2   377    83.30
  28    17   528    78.80
  10    26  2818    72.68
  14    10  3247    67.28
  26     0   895    78.08
  17     0   721    80.24
   3   -27   774    75.56
   2     0   134    77.18
   3    39  5000    51.80
  14    13  1965    60.98
  29    10  1853    70.88
  18     7  2342    71.42
   3    56  5000    51.62
   7    37  5000    47.48
   9    35  4028    55.04
  19    26  2716    63.68
   8    31  3671    65.84
  23    31  3795    66.92
  13    35  3120    66.92
   7    17  2667    63.50
   3    39  5000    52.70
   5    36  5000    48.92
  11    25   308    68.72
  12    18  2982    59.90
   5    30  5000    52.70
   4    25  5000    51.26
   5    38  5000    47.66
   4    35  5000    47.84
  10    13  3070    60.08
  17     0   830    72.14
  26    -9   711    75.56
  30   -10  1049    78.98
  18   -39   511    83.84
  12   -40  5000    67.64
   7   -34  5000    69.44
  15    -3   377    78.80
  12    27   862    73.58
   7   -17   337    81.14
  28    -2   492    82.22
  22    13  1394    75.02
  18    27  3146    64.04
  14    11  2234    66.74
  24    21  2109    69.62
  10    23  5000    54.50
  14    -7  2270    68.90
   9   -13  2191    68.72
  12    12  3448    58.64
   7    13  5000    48.92
   7    11  5000    49.46
   6    25  2719    56.84
  13    21  1899    62.06
   5   -41  5000    52.52
   3   -21  5000    50.90
   7   -19  5000    54.32
   8    10  2385    60.44
  10     0  1938    62.60
  12   -11   590    69.98
   6   -40   328    80.60
   5   -29  5000    61.70
  20   -22   597    73.58
  14    -4   469    71.78
  16    18  1541    63.14
   5    24  5000    41.90
   3    15  5000    41.72
   5    27  5000    44.60
   1    54  5000    42.80
   5   -28  5000    53.60
   4   -38  5000    63.50
  11   -36  5000    60.08
   6   -20  2014    69.98
   8     1   436    70.34
  14     3   830    66.02
  18    -8  1112    66.38
  12   -17  1210    67.82
   9   -22   501    70.88
   7   -15   875    68.90
  14     7  1601    62.06
   4    59  5000    41.90
   3   -63  5000    37.04
   3   -52  5000    41 
   3   -54  2280    55.76
   3   -43  2047    63.50
   3   -69  5000    56.48
   3   -50  3720    61.34
   3   -24   311    69.98
   6    28  2536    56.48
   6   -22  1154    61.52
   5   -40  2933    59.90
   3   -33  3064    62.78
   4   -16   826    64.76
   7     2  5000    42.98
   5   -52   111    68.18
   5   -48  5000    54.68
   4   -37  5000    55.58
   3   -26  5000    51.08
   2   -31  5000    51.44
   5   -48   948    70.70
   3   -50  5000    50.90
   4   -22  5000    48.56
   4   -10  3687    46.94
   6     0  5000    44.24
   6   -19  5000    45.68
   3   -28  5000    45.32
   4   -25  5000    48.38
   3   -10   508    58.64
   8    -5  2851    50 
   2   -14   111    72.50
   3   -36  5000    51.26
   5    18  3704    46.94
   1     8  5000    39.92
   2    -3  5000    37.22
