sample.num id zone xcoord ycoord zcoord grade core.length
    1  BHL01  1 220  625  122   1.340  5 
    2  BHL01  1 220  625  117  .980  5 
    3  BHL01  1 220  625  112   1.290  5 
    4  BHL01  1 220  625  107   1.180  5 
    5  BHL01  1 220  625  102   1.100  5 
    6  BHL01  1 220  625  97  .460  5 
    7  BHL01  1 220  625  92   1.180  5 
    8  BHL01  1 220  625  87  .960  5 
    9  BHL01  1 220  625  82   1.270  5 
   10  BHL02  1 270  625  122  .640  5 
   11  BHL02  1 270  625  117   1.060  5 
   12  BHL02  1 270  625  112  .810  5 
   13  BHL02  1 270  625  107   1.150  5 
   14  BHL02  1 270  625  102  .750  5 
   15  BHL02  1 270  625  97  .490  5 
   16  BHL02  1 270  625  92  .850  5 
   17  BHL02  1 270  625  87   1.240  5 
   18  BHL02  1 270  625  82   2.130  5 
   19  BHL04  1 370  620  122   1.330  5 
   20  BHL04  1 370  620  117   1.280  5 
   21  BHL04  1 370  620  112  .830  5 
   22  BHL04  1 370  620  107  .640  5 
   23  BHL04  1 370  620  102  .850  5 
   24  BHL04  1 370  620  97  .560  5 
   25  BHL04  1 370  620  92   1.150  5 
   26  BHL04  1 370  620  87   1   5 
   27  BHL04  1 370  620  82  .970  5 
   28  BHL06  1 460  620  122  .920  5 
   29  BHL06  1 460  620  117  .720  5 
   30  BHL06  1 460  620  112   1   5 
   31  BHL06  1 460  620  107  .550  5 
   32  BHL06  1 460  620  102  NA   5 
   33  BHL06  1 460  620  97  .490  5 
   34  BHL06  1 460  620  92  .640  5 
   35  BHL06  1 460  620  87  .810  5 
   36  BHL06  1 460  620  82  .700  5 
   37  BHL08  1 565  620  122  .870  5 
   38  BHL08  1 565  620  117   1.400  5 
   39  BHL08  1 565  620  112  .740  5 
   40  BHL08  1 565  620  107  .890  5 
   41  BHL08  1 565  620  102  .430  5 
   42  BHL08  1 565  620  97  .400  5 
   43  BHL08  1 565  620  92  .540  5 
   44  BHL08  1 565  620  87  .540  5 
   45  BHL08  1 565  620  82  .890  5 
   54  BHL10  1 655  620  122   1.740  5 
   55  BHL10  1 655  620  117   1.170  5 
   56  BHL10  1 655  620  112   1.020  5 
   57  BHL10  1 655  620  107  .750  5 
   58  BHL10  1 655  620  102  .810  5 
   59  BHL10  1 655  620  97  .640  5 
   60  BHL10  1 655  620  92  .660  5 
   61  BHL10  1 655  620  87   1.140  5 
   62  BHL10  1 655  620  82  .710  5 
   67  BHL12  1 220  575  122   1.130  5 
   68  BHL12  1 220  575  117   1.580  5 
   69  BHL12  1 220  575  112   1.320  5 
   70  BHL12  1 220  575  107   2.060  5 
   71  BHL12  1 220  575  102  .900  5 
   72  BHL12  1 220  575  97  .610  5 
   73  BHL12  1 220  575  92  .700  5 
   74  BHL12  1 220  575  87   1.170  5 
   75  BHL12  1 220  575  82   1.540  5 
   76  BHL12  1 220  575  77   2.340  5 
   77  BHL14  1 320  575  122  .820  5 
   78  BHL14  1 320  575  117   1.410  5 
   79  BHL14  1 320  575  112   1.040  5 
   80  BHL14  1 320  575  107   1.210  5 
   81  BHL14  1 320  575  102   1.090  5 
   82  BHL14  1 320  575  97  .570  5 
   83  BHL14  1 320  575  92   1.180  5 
   84  BHL14  1 320  575  87  .900  5 
   85  BHL14  1 320  575  82   1.720  5 
   86  BHL16  1 415  575  122   1.580  5 
   87  BHL16  1 415  575  117  .770  5 
   88  BHL16  1 415  575  112  .780  5 
   89  BHL16  1 415  575  107   1.150  5 
   90  BHL16  1 415  575  102  .730  5 
   91  BHL16  1 415  575  97  .450  5 
   92  BHL16  1 415  575  92   1.060  5 
   93  BHL16  1 415  575  87  .840  5 
   94  BHL16  1 415  575  82   1.620  5 
   96  BHL18  1 515  575  122   1.300  5 
   97  BHL18  1 515  575  117  .920  5 
   98  BHL18  1 515  575  112  .520  5 
   99  BHL18  1 515  575  107  .610  5 
  100  BHL18  1 515  575  102  .530  5 
  101  BHL18  1 515  575  97  .540  5 
  102  BHL18  1 515  575  92  .740  5 
  103  BHL18  1 515  575  87   1.050  5 
  104  BHL18  1 515  575  82  .780  5 
  109  BHL20  1 610  575  122   1.370  5 
  110  BHL20  1 610  575  117   1.040  5 
  111  BHL20  1 610  575  112  .780  5 
  112  BHL20  1 610  575  107  .790  5 
  113  BHL20  1 610  575  102  .570  5 
  114  BHL20  1 610  575  97  .590  5 
  115  BHL20  1 610  575  92  .560  5 
  116  BHL20  1 610  575  87   1.240  5 
  117  BHL20  1 610  575  82   1.140  5 
  123  BHL21  1 640  575  122   1.140  5 
  124  BHL21  1 640  575  117   1.360  5 
  125  BHL21  1 640  575  112   1.020  5 
  126  BHL21  1 640  575  107  .900  5 
  127  BHL21  1 640  575  102  .690  5 
  128  BHL21  1 640  575  97  .530  5 
  129  BHL21  1 640  575  92  .580  5 
  130  BHL21  1 640  575  87   1.220  5 
  131  BHL21  1 640  575  82   1.130  5 
  132  BHL21  1 640  575  77  .990  5 
  138  BHL25  1 270  520  122   1.060  5 
  139  BHL25  1 270  520  117   1.350  5 
  140  BHL25  1 270  520  112   2.470  5 
  141  BHL25  1 270  520  107   1   5 
  142  BHL25  1 270  520  102  .950  5 
  143  BHL25  1 270  520  97  .550  5 
  144  BHL25  1 270  520  92  .950  5 
  145  BHL25  1 270  520  87   1.360  5 
  146  BHL27  1 365  525  122   1.590  5 
  147  BHL27  1 365  525  117   1.080  5 
  148  BHL27  1 365  525  112   1.890  5 
  149  BHL27  1 365  525  107   1.570  5 
  150  BHL27  1 365  525  102   1.070  5 
  151  BHL27  1 365  525  97  .690  5 
  152  BHL27  1 365  525  92  .930  5 
  153  BHL27  5 365  525  82   1.240  5 
  154  BHL31  5 560  525  122   1.090  5 
  155  BHL31  5 560  525  117  .990  5 
  156  BHL31  5 560  525  112  .760  5 
  157  BHL31  5 560  525  107  .640  5 
  158  BHL31  5 560  525  102  .520  5 
  159  BHL31  5 560  525  97  .880  5 
  160  BHL31  5 560  525  92   1.220  5 
  161  BHL31  5 560  525  87   1.380  5 
  162  BHL31  5 560  525  82  .870  5 
  163  BHL31  5 560  525  77   1.190  5 
  173  BHL33  5 640  525  122   1.150  5 
  174  BHL33  5 640  525  117   1.310  5 
  175  BHL33  5 640  525  112  .980  5 
  176  BHL33  5 640  525  107  .620  5 
  177  BHL33  5 640  525  102  .850  5 
  178  BHL33  5 640  525  97  .980  5 
  179  BHL33  5 640  525  92  .860  5 
  180  BHL33  5 640  525  87   1.800  5 
  181  BHL33  5 640  525  82   1.680  5 
  182  BHL33  5 640  525  77  .990  5 
  193  BHL36  5 220  470  122   3.200  5 
  194  BHL36  5 220  470  117   1.730  5 
  195  BHL36  5 220  470  112   2.850  5 
  196  BHL36  5 220  470  107   2.940  5 
  197  BHL36  5 220  470  102   1.400  5 
  198  BHL36  5 220  470  97  .830  5 
  199  BHL36  5 220  470  92  .630  5 
  200  BHL36  5 220  470  87   1.700  5 
  201  BHL36  5 220  470  82   2.240  5 
  202  BHL38  5 315  475  122   1.400  5 
  203  BHL38  5 315  475  117   1.930  5 
  204  BHL38  5 315  475  112   2.880  5 
  205  BHL38  5 315  475  107   1.230  5 
  206  BHL38  5 315  475  102   1.080  5 
  207  BHL38  5 315  475  97  .710  5 
  208  BHL38  5 315  475  92   1.070  5 
  209  BHL38  5 315  475  87   1.160  5 
  210  BHL38  5 315  475  82   1.460  5 
  211  BHL38  5 315  475  77   1.670  5 
  215  BHL40  5 415  475  122   1.290  5 
  216  BHL40  5 415  475  117   1.020  5 
  217  BHL40  5 415  475  112   1.570  5 
  218  BHL40  5 415  475  107   1.780  5 
  219  BHL40  5 415  475  102  .610  5 
  220  BHL40  5 415  475  97  .980  5 
  221  BHL40  5 415  475  92  .900  5 
  222  BHL40  5 415  475  87  .860  5 
  223  BHL40  5 415  475  82  .900  5 
  224  BHL40  5 415  475  77   1.070    5 
  231  BHL42  5 515  475  122  .690  5 
  232  BHL42  5 515  475  117  .690  5 
  233  BHL42  5 515  475  112  .540  5 
  234  BHL42  5 515  475  107   1.120  5 
  235  BHL42  5 515  475  102  .810  5 
  236  BHL42  5 515  475  97  .580  5 
  237  BHL42  5 515  475  92  .820  5 
  238  BHL42  5 515  475  87   1   5 
  239  BHL42  5 515  475  82   1.130  5 
  240  BHL42  5 515  475  77   1.520  5 
  249  BHL44  5 610  475  122  .980  5 
  250  BHL44  5 610  475  117  .990  5 
  251  BHL44  5 610  475  112  .820  5 
  252  BHL44  5 610  475  107  .700  5 
  253  BHL44  5 610  475  102  .720  5 
  254  BHL44  5 610  475  97  .720  5 
  255  BHL44  5 610  475  92   1.430  5 
  256  BHL44  5 610  475  87  .920  5 
  257  BHL44  5 610  475  82   1.300  5 
  258  BHL44  5 610  475  77  .990  5 
  270  BHL45  5 660  475  122   1.800  5 
  271  BHL45  5 660  475  117  .990  5 
  272  BHL45  5 660  475  112   1.230  5 
  273  BHL45  5 660  475  107  .670  5 
  274  BHL45  5 660  475  102  .540  5 
  275  BHL45  5 660  475  97  .890  5 
  276  BHL45  5 660  475  92   1.150  5 
  277  BHL45  5 660  475  87   1.680  5 
  278  BHL45  5 660  475  82   1.610  5 
  279  BHL45  5 660  475  77   1.550  5 
  291  BHL50  5 365  420  122   1.360  5 
  292  BHL50  5 365  420  117   1.610  5 
  293  BHL50  5 365  420  112   1.250  5 
  294  BHL50  5 365  420  107   1.850  5 
  295  BHL50  5 365  420  102   1.130  5 
  296  BHL50  5 365  420  97  .850  5 
  297  BHL50  5 365  420  92  .740  5 
  298  BHL50  5 365  420  87   1.750  5 
  299  BHL50  5 365  420  82   1.110  5 
  300  BHL50  5 365  420  77   1.230  5 
  307  BHL52  5 465  425  122  .700  5 
  308  BHL52  5 465  425  117  .690  5 
  309  BHL52  5 465  425  112  .780  5 
  310  BHL52  5 465  425  107   1   5 
  311  BHL52  5 465  425  102   1.180  5 
  312  BHL52  5 465  425  97  .770  5 
  313  BHL52  5 465  425  92  .640  5 
  314  BHL52  5 465  425  87  .840  5 
  315  BHL52  5 465  425  82  .930  5 
  316  BHL52  5 465  425  77   1.210  5 
  324  BHL54  5 565  425  122  .860  5 
  325  BHL54  5 565  425  117  .680  5 
  326  BHL54  5 565  425  112  .580  5 
  327  BHL54  5 565  425  107  .760  5 
  328  BHL54  5 565  425  102  .850  5 
  329  BHL54  5 565  425  97  .560  5 
  330  BHL54  5 565  425  92   1.300  5 
  331  BHL54  5 565  425  87   1.390  5 
  332  BHL54  5 565  425  82   1.290  5 
  333  BHL54  5 565  425  77  .870  5 
  341  BHL56  5 660  425  122   2.070  5 
  342  BHL56  5 660  425  117   1.470  5 
  343  BHL56  5 660  425  112  .680  5 
  344  BHL56  5 660  425  107  .650  5 
  345  BHL56  5 660  425  102  .810  5 
  346  BHL56  5 660  425  97  .530  5 
  347  BHL56  5 660  425  92   1.860  5 
  348  BHL56  5 660  425  87   1.250  5 
  349  BHL56  5 660  425  82   1.270  5 
  350  BHL56  5 660  425  77   2.550  5 
  358  BHL59  5 220  370  122   2.110  5 
  359  BHL59  5 220  370  117   1.970  5 
  360  BHL59  5 220  370  112   1.510  5 
  361  BHL59  5 220  370  107   2.660  5 
  362  BHL59  5 220  370  102   1.360  5 
  363  BHL59  5 220  370  97   1.140  5 
  364  BHL59  5 220  370  92  .900  5 
  365  BHL59  5 220  370  87   1.310  5 
  366  BHL61  5 320  370  122   1.530  5 
  367  BHL61  5 320  370  117   1.330  5 
  368  BHL61  5 320  370  112   1.680  5 
  369  BHL61  5 320  370  107   1.930  5 
  370  BHL61  5 320  370  102   1.130  5 
  371  BHL61  5 320  370  97  .920  5 
  372  BHL61  5 320  370  92  .740  5 
  373  BHL61  5 320  370  87   1.650  5 
  374  BHL61  5 320  370  82   1.430  5 
  375  BHL63  5 415  370  122  .990  5 
  376  BHL63  5 415  370  117   1.330  5 
  377  BHL63  5 415  370  112   1.030  5 
  378  BHL63  5 415  370  107   1.210  5 
  379  BHL63  5 415  370  102   1.680  5 
  380  BHL63  5 415  370  97  .910  5 
  381  BHL63  5 415  370  92  .440  5 
  382  BHL63  5 415  370  87  .860  5 
  383  BHL63  5 415  370  82   1.070  5 
  384  BHL63  5 415  370  77   1.050  5 
  385  BHL65  5 515  370  122  .840  5 
  386  BHL65  5 515  370  117  .630  5 
  387  BHL65  5 515  370  112  .720  5 
  388  BHL65  5 515  370  107  .490  5 
  389  BHL65  5 515  370  102  .970  5 
  390  BHL65  5 515  370  97  .720  5 
  391  BHL65  5 515  370  92  .540  5 
  392  BHL65  5 515  370  87  .920  5 
  393  BHL65  5 515  370  82  .720  5 
  394  BHL65  5 515  370  77  .670  5 
  403  BHL67  5 615  375  122  .820  5 
  404  BHL67  5 615  375  117   1.080  5 
  405  BHL67  5 615  375  112  .840  5 
  406  BHL67  5 615  375  107  .660  5 
  407  BHL67  5 615  375  102  .910  5 
  408  BHL67  5 615  375  97   NA  5 
  409  BHL67  5 615  375  92   1.220  5 
  410  BHL67  5 615  375  87   1.020  5 
  411  BHL67  5 615  375  82  .820  5 
  412  BHL67  5 615  375  77  .900  5 
  424  BHL68  5 660  375  122  .970  5 
  425  BHL68  5 660  375  117   1.040  5 
  426  BHL68  5 660  375  112  .880  5 
  427  BHL68  5 660  375  107  .900  5 
  428  BHL68  5 660  375  102  .610  5 
  429  BHL68  5 660  375  97  .720  5 
  430  BHL68  5 660  375  92  .930  5 
  431  BHL68  5 660  375  87  .790  5 
  432  BHL68  5 660  375  82   1.210  5 
  433  BHL68  5 660  375  77   1.550  5 
  442  BHL71  5 270  320  122   1.630  5 
  443  BHL71  5 270  320  117   2.240  5 
  444  BHL71  5 270  320  112   1.660  5 
  445  BHL71  5 270  320  107   2.300  5 
  446  BHL71  5 270  320  102   1.240  5 
  447  BHL71  5 270  320  97  .880  5 
  448  BHL71  5 270  320  92  .630  5 
  449  BHL71  5 270  320  87   1.120  5 
  450  BHL71  5 270  320  82   1.400  5 
  451  BHL71  5 270  320  77   1.090  5 
  453  BHL73  5 370  320  122   1   5 
  454  BHL73  5 370  320  117   1.290  5 
  455  BHL73  5 370  320  112   1.200  5 
  456  BHL73  5 370  320  107   1.290  5 
  457  BHL73  5 370  320  102   1.750  5 
  458  BHL73  5 370  320  97   1.020  5 
  459  BHL73  5 370  320  92  .850  5 
  460  BHL73  5 370  320  87   1.090  5 
  461  BHL73  5 370  320  82  .960  5 
  462  BHL73  5 370  320  77   1.430  5 
  470  BHL75  5 465  320  122   1.220  5 
  471  BHL75  5 465  320  117  .910  5 
  472  BHL75  5 465  320  112  .930  5 
  473  BHL75  5 465  320  107  .890  5 
  474  BHL75  5 465  320  102  .900  5 
  475  BHL75  5 465  320  97  .820  5 
  476  BHL75  5 465  320  92  .370  5 
  477  BHL75  5 465  320  87  .860  5 
  478  BHL75  5 465  320  82  .910  5 
  479  BHL75  5 465  320  77  .850  5 
  487  BHL77  5 565  320  122  .570  5 
  488  BHL77  5 565  320  117  .790  5 
  489  BHL77  5 565  320  112  .800  5 
  490  BHL77  5 565  320  107  .840  5 
  491  BHL77  5 565  320  102   1.220  5 
  492  BHL77  5 565  320  97  .420  5 
  493  BHL77  5 565  320  92  .530  5 
  494  BHL77  5 565  320  87  .570  5 
  495  BHL77  5 565  320  82  .640  5 
  496  BHL77  5 565  320  77  .640  5 
  505  BHL79  5 660  320  122   1.590  5 
  506  BHL79  5 660  320  117   1.180  5 
  507  BHL79  5 660  320  112  .700  5 
  508  BHL79  5 660  320  107   1.170  5 
  509  BHL79  5 660  320  102  .940  5 
  510  BHL79  5 660  320  97  .560  5 
  511  BHL79  5 660  320  92   1.010  5 
  512  BHL79  5 660  320  87  .920  5 
  513  BHL79  5 660  320  82  .990  5 
  514  BHL79  5 660  320  77   1.990  5 
  521  BHL80  5 320  270  122   1.700  5 
  522  BHL80  5 320  270  117   2.200  5 
  523  BHL80  5 320  270  112   1.880  5 
  524  BHL80  5 320  270  107   1.090  5 
  525  BHL80  5 320  270  102   1.860  5 
  526  BHL80  5 320  270  97   1.220  5 
  527  BHL80  5 320  270  92  .720  5 
  528  BHL80  5 320  270  87  .930  5 
  529  BHL80  5 320  270  82   1.070  5 
  530  BHL80  5 320  270  77  .940  5 
  533  BHL82  5 415  270  122   1.730  5 
  534  BHL82  5 415  270  117   1.430  5 
  535  BHL82  5 415  270  112  .860  5 
  536  BHL82  5 415  270  107   1.260  5 
  537  BHL82  5 415  270  102  .900  5 
  538  BHL82  5 415  270  97  .800  5 
  539  BHL82  5 415  270  92  .580  5 
  540  BHL82  5 415  270  87  .880  5 
  541  BHL82  5 415  270  82   1.010  5 
  542  BHL82  5 415  270  77  .560  5 
  555  BHL84  5 515  270  122  .750  5 
  556  BHL84  5 515  270  117  .470  5 
  557  BHL84  5 515  270  112  .810  5 
  558  BHL84  5 515  270  107   1.350  5 
  559  BHL84  5 515  270  102  .750  5 
  560  BHL84  5 515  270  97  .620  5 
  561  BHL84  5 515  270  92  .600  5 
  562  BHL84  5 515  270  87  .520  5 
  563  BHL84  5 515  270  82  .790  5 
  564  BHL84  5 515  270  77  .610  5 
  573  BHL86  5 610  270  122   1.330  5 
  574  BHL86  5 610  270  117   1.050  5 
  575  BHL86  5 610  270  112  .950  5 
  576  BHL86  5 610  270  107  .970  5 
  577  BHL86  5 610  270  102  .940  5 
  578  BHL86  5 610  270  97   1.300  5 
  579  BHL86  5 610  270  92  .620  5 
  580  BHL86  5 610  270  87  .620  5 
  581  BHL86  5 610  270  82  .680  5 
  582  BHL86  3 610  270  77  .940  5 
  593  BHL87  5 665  265  122   1.330  5 
  594  BHL87  5 665  265  117   1.170  5 
  595  BHL87  5 665  265  112   1.140  5 
  596  BHL87  5 665  265  107   1.140  5 
  597  BHL87  5 665  265  102   1.120  5 
  598  BHL87  5 665  265  97  .960  5 
  599  BHL87  5 665  265  92  .940  5 
  600  BHL87  5 665  265  87  .650  5 
  601  BHL87  5 665  265  82  .580  5 
  602  BHL87  5 665  265  77  .890  5 
  609  BHL88  5 370  220  122   1.970  5 
  610  BHL88  5 370  220  117   1.020  5 
  611  BHL88  5 370  220  112   2.170  5 
  612  BHL88  5 370  220  107  .930  5 
  613  BHL88  5 370  220  102   1.220  5 
  614  BHL88  5 370  220  97  .750  5 
  615  BHL88  5 370  220  92   1.060  5 
  616  BHL88  5 370  220  87  .790  5 
  617  BHL88  5 370  220  82  .730  5 
  618  BHL88  5 370  220  77   1.240  5 
  619  BHL90  5 465  220  122  .870  5 
  620  BHL90  5 465  220  117  .850  5 
  621  BHL90  5 465  220  112  .640  5 
  622  BHL90  5 465  220  107   1.510  5 
  623  BHL90  5 465  220  102  .990  5 
  624  BHL90  5 465  220  97  .920  5 
  625  BHL90  5 465  220  92  .470  5 
  626  BHL90  5 465  220  87  .690  5 
  627  BHL90  5 465  220  82  .620  5 
  628  BHL90  5 465  220  77  .480  5 
  630  BHL92  5 560  220  122   1.340  5 
  631  BHL92  5 560  220  117  .820  5 
  632  BHL92  5 560  220  112  .820  5 
  633  BHL92  5 560  220  107  .990  5 
  634  BHL92  5 560  220  102  .650  5 
  635  BHL92  5 560  220  97   1.120  5 
  636  BHL92  5 560  220  92  .520  5 
  637  BHL92  5 560  220  87  .470  5 
  638  BHL92  5 560  220  82  .620  5 
  639  BHL92  5 560  220  77  NA   5 
  650  BHL94  5 660  220  122   1.310  5 
  651  BHL94  5 660  220  117   1.210  5 
  652  BHL94  5 660  220  112   1.340  5 
  653  BHL94  5 660  220  107   1.090  5 
  654  BHL94  5 660  220  102   1.450  5 
  655  BHL94  5 660  220  97  .680  5 
  656  BHL94  5 660  220  92  .670  5 
  657  BHL94  5 660  220  87  .620  5 
  658  BHL94  5 660  220  82  .630  5 
  659  BHL94  5 660  220  77  .740  5 
