 usage temp
 24.828  73
 24.688  67
 19.310  57
 59.706  43
 99.667  26
 49.333  41
 59.375  38
 55.172  46
 55.517  54
 25.938  60
 20.690  71
 24.333  75
 22.759  74
 24.688  66
 22.759  61
 50.588  49
 79.000  41
 87.188  35
 47.333  41
 38.621  42
 27.931  56
 25.000  69
 17.241  73
 17.000  77
 22.188  74
 18.276  66
 27.241  56
 39.706  47
 81.667  38
 79.688  34
 67.667  37
 65.862  39
 54.839  51
 34.667  60
 23.448  70
 29.586  73
 32.448  71
 30.033  66
 43.586  54
 48.029  45
 52.424  36
 62.333  34
 71.156  32
 44.621  39
 19.357  55
 23.733  64
 10.414  72
 17.875  79
 24.207  75
 24.333  65
 40.935  54
 42.938  48
 65.250  35
101.300  24
101.660  32
